[ 1.03414e+28 -2.4934e+28 -2.40189e+28 -3.95826e+16 ]>>>1000.00010
[
3 -1 1 -1 
1 -2 2 -1 
-1 2 -2 -1 
2 2 2 0 
]
[
3 
1 
-1 
2 
]
[ 1 -0 0 -0 ]
>>>1.00000
[
3 -1 1 -2 
1 -2 2 -1 
-1 2 -2 -1 
4 2 2 0 
]
[
6 
2 
-2 
5 
]
[ 2 -0.75 -0.75 -0 ]
>>>2.26385
[
3 -1 1 -4 
1 -2 2 -0.25 
-1 2 -2 -0.25 
8 0.5 0.5 0 
]
[
12 
4 
-4 
15.125 
]
[ 4 -16.875 -16.875 -0 ]
>>>24.19775
[
3 -1 1 -8 
1 -2 2 16.625 
-1 2 -2 16.625 
16 -33.25 -33.25 0 
]
[
24 
8 
-8 
615.781 
]
[ 8 -7.33506 -7.33506 0 ]
>>>13.09985
[
3 -1 1 -16 
1 -2 2 23.9601 
-1 2 -2 23.9601 
32 -47.9201 -47.9201 0 
]
[
48 
16 
-16 
1403.17 
]
[ 16 -9.29848 -9.29848 0 ]
>>>20.71047
[
3 -1 1 -32 
1 -2 2 33.2585 
-1 2 -2 33.2585 
64 -66.5171 -66.5171 0 
]
[
96 
32 
-32 
3235.26 
]
[ 32 -8.92448 -8.92448 0 ]
>>>34.39902
[
3 -1 1 -64 
1 -2 2 42.183 
-1 2 -2 42.183 
128 -84.366 -84.366 0 
]
[
192 
64 
-64 
7653.81 
]
[ 64 3.18959 3.18959 1.68443e-16 ]
>>>64.15876
[
3 -1 1 -128 
1 -2 2 38.9934 
-1 2 -2 38.9934 
256 -77.9869 -77.9869 0 
]
[
384 
128 
-128 
19424 
]
[ 128 85.553 85.553 1.21606e-15 ]
>>>176.13246
[
3 -1 1 -256 
1 -2 2 -46.5596 
-1 2 -2 -46.5596 
512 93.1192 93.1192 0 
]
[
768 
256 
-256 
69870.6 
]
[ 256 -328.619 -328.619 1.0624e-14 ]
>>>530.58121
[
3 -1 1 -512 
1 -2 2 282.059 
-1 2 -2 282.059 
1024 -564.118 -564.118 0 
]
[
1536 
512 
-512 
421258 
]
[ 512 91.3199 91.3199 1.58731e-14 ]
>>>528.03659
[
3 -1 1 -1024 
1 -2 2 190.739 
-1 2 -2 190.739 
2048 -381.478 -381.478 0 
]
[
3072 
1024 
-1024 
1.12134e+06 
]
[ 1024 1278.99 1278.99 2.13531e-13 ]
>>>2078.51115
[
3 -1 1 -2048 
1 -2 2 -1088.25 
-1 2 -2 -1088.25 
4096 2176.5 2176.5 0 
]
[
6144 
2048 
-2048 
6.56288e+06 
]
[ 2048 -419.417 -419.417 3.34342e-13 ]
>>>2132.16440
[
3 -1 1 -4096 
1 -2 2 -668.834 
-1 2 -2 -668.834 
8192 1337.67 1337.67 0 
]
[
12288 
4096 
-4096 
1.76719e+07 
]
[ 4096 -5936.65 -5936.65 5.68607e-12 ]
>>>9341.56412
[
3 -1 1 -8192 
1 -2 2 5267.81 
-1 2 -2 5267.81 
16384 -10535.6 -10535.6 0 
]
[
24576 
8192 
-8192 
1.22609e+08 
]
[ 8192 550.946 550.946 6.91697e-12 ]
>>>8228.96995
[
3 -1 1 -16384 
1 -2 2 4716.87 
-1 2 -2 4716.87 
32768 -9433.74 -9433.74 0 
]
[
49152 
16384 
-16384 
3.12933e+08 
]
[ 16384 11869 11869 4.63407e-11 ]
>>>23455.93669
[
3 -1 1 -32768 
1 -2 2 -7152.11 
-1 2 -2 -7152.11 
65536 14304.2 14304.2 0 
]
[
98304 
32768 
-32768 
1.17605e+09 
]
[ 32768 -33956.3 -33956.3 3.42101e-10 ]
>>>58136.03002
[
3 -1 1 -65536 
1 -2 2 26804.2 
-1 2 -2 26804.2 
131072 -53608.3 -53608.3 0 
]
[
196608 
65536 
-65536 
5.73189e+09 
]
[ 65536 26656.7 26656.7 8.01032e-10 ]
>>>75605.07616
[
3 -1 1 -131072 
1 -2 2 147.445 
-1 2 -2 147.445 
262144 -294.889 -294.889 0 
]
[
393216 
131072 
-131072 
1.71799e+10 
]
[ 131084 2.91348e+07 2.91348e+07 0.000237644 ]
>>>41203087.65292
[
2.99976 -1 1 -262156 
1 -2 1.99976 -2.91347e+07 
-1 1.99976 -2 -2.91347e+07 
524313 5.82694e+07 5.82694e+07 0 
]
[
786401 
255220 
-269068 
1.69773e+15 
]
[ 262169 1.45668e+07 1.45667e+07 0.000118827 ]
>>>20602169.38711
[
2.99964 -1 1 -524325 
1 -2 1.99964 -4.37014e+07 
-1 1.99964 -2 -4.37015e+07 
1.04865e+06 8.74029e+07 8.74029e+07 0 
]
[
1.57277e+06 
508710 
-539866 
3.81991e+15 
]
[ 524363 2.18492e+07 2.18491e+07 0.000178249 ]
>>>30903810.37469
[
2.99947 -1 1 -1.04869e+06 
1 -2 1.99947 -6.55506e+07 
-1 1.99947 -2 -6.55506e+07 
2.09738e+06 1.31101e+08 1.31101e+08 0 
]
[
3.14545e+06 
1.01352e+06 
-1.08363e+06 
8.59486e+15 
]
[ 1.0488e+06 3.27712e+07 3.2771e+07 0.000267395 ]
>>>46357199.51838
[
2.9992 -1 1 -2.09749e+06 
1 -2 1.9992 -9.83216e+07 
-1 1.9992 -2 -9.83218e+07 
4.19498e+06 1.96644e+08 1.96643e+08 0 
]
[
6.29061e+06 
2.01829e+06 
-2.17602e+06 
1.93387e+16 
]
[ 2.09783e+06 4.91498e+07 4.91495e+07 0.000401149 ]
>>>69539758.57946
[
2.9988 -1 1 -4.19531e+06 
1 -2 1.9988 -1.47471e+08 
-1 1.9988 -2 -1.47472e+08 
8.39063e+06 2.94943e+08 2.94942e+08 0 
]
[
1.25804e+07 
4.01686e+06 
-4.37175e+06 
4.35132e+16 
]
[ 4.19632e+06 7.37063e+07 7.37053e+07 0.000601876 ]
>>>104320204.64621
[
2.99819 -1 1 -8.39164e+06 
1 -2 1.99819 -2.21176e+08 
-1 1.99819 -2 -2.21178e+08 
1.67833e+07 4.42356e+08 4.42353e+08 0 
]
[
2.51583e+07 
7.98935e+06 
-8.78786e+06 
9.79091e+16 
]
[ 8.39467e+06 1.1051e+08 1.10507e+08 0.00090322 ]
>>>156508521.03289
[
2.99729 -1 1 -1.67863e+07 
1 -2 1.99729 -3.31684e+08 
-1 1.99729 -2 -3.31688e+08 
3.35726e+07 6.63377e+08 6.63368e+08 0 
]
[
5.03089e+07 
1.58789e+07 
-1.76755e+07 
2.20313e+17 
]
[ 1.67954e+07 1.65635e+08 1.65626e+08 0.00135592 ]
>>>234838169.96610
[
2.99594 -1 1 -3.35817e+07 
1 -2 1.99594 -4.9731e+08 
-1 1.99594 -2 -4.97323e+08 
6.71635e+07 9.94647e+08 9.94619e+08 0 
]
[
1.00595e+08 
3.15332e+07 
-3.55757e+07 
4.95775e+17 
]
[ 3.36091e+07 2.48104e+08 2.48077e+08 0.00203678 ]
>>>352458928.27901
[
2.9939 -1 1 -6.71909e+07 
1 -2 1.9939 -7.45386e+08 
-1 1.9939 -2 -7.45427e+08 
1.34382e+08 1.49085e+09 1.49077e+09 0 
]
[
2.01122e+08 
6.25611e+07 
-7.16567e+07 
1.11578e+18 
]
[ 6.72734e+07 3.71227e+08 3.71144e+08 0.00306295 ]
>>>529228905.70106
[
2.99084 -1 1 -1.34464e+08 
1 -2 1.99084 -1.11653e+09 
-1 1.99084 -2 -1.11665e+09 
2.68929e+08 2.23331e+09 2.23306e+09 0 
]
[
4.02037e+08 
1.23985e+08 
-1.4445e+08 
2.51164e+18 
]
[ 1.34714e+08 5.54357e+08 5.54109e+08 0.00461535 ]
>>>795296442.13858
[
2.98622 -1 1 -2.69178e+08 
1 -2 1.98622 -1.67064e+09 
-1 1.98622 -2 -1.67101e+09 
5.38356e+08 3.34202e+09 3.34128e+09 0 
]
[
8.03453e+08 
2.45414e+08 
-2.91459e+08 
5.65577e+18 
]
[ 2.69934e+08 8.24887e+08 8.24134e+08 0.00697959 ]
>>>1196870782.41070
[
2.97924 -1 1 -5.39112e+08 
1 -2 1.97924 -2.49477e+09 
-1 1.97924 -2 -2.4959e+09 
1.07822e+09 4.9918e+09 4.98955e+09 0 
]
[
1.60502e+09 
4.85075e+08 
-5.88676e+08 
1.2744e+19 
]
[ 5.41426e+08 1.21944e+09 1.21715e+09 0.0106238 ]
>>>1806004302.27707
[
2.96862 -1 1 -1.08054e+09 
1 -2 1.96862 -3.71193e+09 
-1 1.96862 -2 -3.71534e+09 
2.16108e+09 7.43069e+09 7.42386e+09 0 
]
[
3.20429e+09 
9.57219e+08 
-1.19031e+09 
2.87497e+19 
]
[ 1.08772e+09 1.7807e+09 1.77365e+09 0.0163644 ]
>>>2738583255.96649
[
2.95225 -1 1 -2.16826e+09 
1 -2 1.95225 -5.48558e+09 
-1 1.95225 -2 -5.49604e+09 
4.33651e+09 1.09921e+10 1.09712e+10 0 
]
[
6.39078e+09 
1.88541e+09 
-2.40975e+09 
6.49993e+19 
]
[ 2.19113e+09 2.53788e+09 2.51577e+09 0.0257743 ]
>>>4191775565.70513
[
2.92648 -1 1 -4.35939e+09 
1 -2 1.92648 -8.00135e+09 
-1 1.92648 -2 -8.03391e+09 
8.71878e+09 1.60678e+10 1.60027e+10 0 
]
[
1.27251e+10 
3.70599e+09 
-4.88492e+09 
1.4757e+20 
]
[ 4.43598e+09 3.43132e+09 3.35939e+09 0.0423861 ]
>>>6537387656.51208
[
2.88409 -1 1 -8.79537e+09 
1 -2 1.88409 -1.13607e+10 
-1 1.88409 -2 -1.14652e+10 
1.75907e+10 2.29305e+10 2.27215e+10 0 
]
[
2.52622e+10 
7.26958e+09 
-9.91528e+09 
3.37877e+20 
]
[ 9.07941e+09 4.02847e+09 3.77566e+09 0.0762793 ]
>>>10626376340.12461
[
2.80781 -1 1 -1.78748e+10 
1 -2 1.80781 -1.51364e+10 
-1 1.80781 -2 -1.54937e+10 
3.57496e+10 3.09874e+10 3.02728e+10 0 
]
[
4.98317e+10 
1.42512e+10 
-2.01379e+10 
7.88673e+20 
]
[ 1.92248e+10 2.19007e+09 1.10759e+09 0.171496 ]
>>>19380829173.94645
[
2.63632 -1 1 -3.70996e+10 
1 -2 1.63632 -1.6244e+10 
-1 1.63632 -2 -1.76838e+10 
7.41992e+10 3.53676e+10 3.2488e+10 0 
]
[
9.63665e+10 
2.83124e+10 
-4.06513e+10 
1.95296e+21 
]
[ 5.64189e+10 -2.69317e+10 -3.94229e+10 1.07496 ]
>>>73909214195.31570
[
1.56136 -1 1 -9.35185e+10 
1 -2 0.561359 2.31789e+10 
-1 0.561359 -2 9.24788e+09 
1.87037e+11 -1.84958e+10 -4.63577e+10 0 
]
[
1.32085e+11 
9.90026e+10 
-5.23522e+10 
9.3685e+21 
]
[ 4.49135e+10 -3.35873e+10 -7.4806e+09 -0.38337 ]
>>>56579918129.78767
[
1.94473 -1 1 -1.38432e+11 
1 -2 0.944729 3.06595e+10 
-1 0.944729 -2 4.28351e+10 
2.76864e+11 -8.56703e+10 -6.13189e+10 0 
]
[
2.81389e+11 
1.95137e+11 
-1.17581e+11 
2.19383e+22 
]
[ 3.90894e+10 -1.07235e+11 -3.14584e+10 -0.936155 ]
>>>118393125853.48732
[
2.88088 -1 1 -1.77521e+11 
1 -2 1.88088 6.21179e+10 
-1 1.88088 -2 1.5007e+11 
3.55043e+11 -3.0014e+11 -1.24236e+11 0 
]
[
5.99371e+11 
3.60825e+11 
-3.3555e+11 
5.78935e+22 
]
[ 1.88176e+11 -4.20819e+09 8.19416e+10 0.162753 ]
>>>205285975326.47806
[
2.71813 -1 1 -3.65697e+11 
1 -2 1.71813 -1.98237e+10 
-1 1.71813 -2 1.54278e+11 
7.31395e+11 -3.08556e+11 3.96474e+10 0 
]
[
1.16812e+12 
7.08314e+11 
-6.70415e+11 
1.57929e+23 
]
[ -2.53716e+11 -1.23181e+12 -9.22836e+11 -4.23512 ]
>>>1559923293403.78809
[
6.95325 -1 1 -1.11982e+11 
1 -2 5.95325 9.03012e+11 
-1 5.95325 -2 1.38609e+12 
2.23963e+11 -2.77218e+12 -1.80602e+12 0 
]
[
1.26172e+12 
-2.49169e+12 
-6.5577e+12 
2.74922e+24 
]
[ 9.64754e+10 -7.39294e+11 -3.75497e+11 -2.02802 ]
>>>834781483791.93335
[
8.98127 -1 1 -2.08457e+11 
1 -2 7.98127 1.27851e+12 
-1 7.98127 -2 2.12538e+12 
4.16914e+11 -4.25077e+12 -2.55702e+12 0 
]
[
2.71908e+12 
-5.74489e+12 
-1.46147e+13 
6.1953e+24 
]
[ 1.65121e+11 -1.12316e+12 -5.288e+11 -3.07846 ]
>>>1252353526260.62842
[
12.0597 -1 1 -3.73578e+11 
1 -2 11.0597 1.80731e+12 
-1 11.0597 -2 3.24855e+12 
7.47156e+11 -6.4971e+12 -3.61462e+12 0 
]
[
5.94649e+12 
-1.31177e+13 
-3.2687e+13 
1.3959e+25 
]
[ 2.70444e+11 -1.6973e+12 -7.55105e+11 -4.6652 ]
>>>1877270458820.89844
[
16.7249 -1 1 -6.44022e+11 
1 -2 15.7249 2.56241e+12 
-1 15.7249 -2 4.94585e+12 
1.28804e+12 -9.89169e+12 -5.12483e+12 0 
]
[
1.31546e+13 
-2.97581e+13 
-7.32923e+13 
3.14421e+25 
]
[ 4.27738e+11 -2.55531e+12 -1.09562e+12 -7.05112 ]
>>>2812994457420.32178
[
23.7761 -1 1 -1.07176e+12 
1 -2 22.7761 3.65803e+12 
-1 22.7761 -2 7.50115e+12 
2.14352e+12 -1.50023e+13 -7.31607e+12 0 
]
[
2.93253e+13 
-6.72415e+13 
-1.64602e+14 
7.07972e+25 
]
[ 6.60586e+11 -3.83893e+12 -1.61131e+12 -10.6289 ]
>>>4215453610444.17627
[
34.4049 -1 1 -1.73235e+12 
1 -2 33.4049 5.26934e+12 
-1 33.4049 -2 1.13401e+13 
3.46469e+12 -2.26802e+13 -1.05387e+13 0 
]
[
6.56719e+13 
-1.51609e+14 
-3.70008e+14 
1.59364e+26 
]
[ 1.00577e+12 -5.76171e+12 -2.39149e+12 -15.9889 ]
>>>6318870794064.11914
[
50.3938 -1 1 -2.73811e+12 
1 -2 49.3938 7.66083e+12 
-1 49.3938 -2 1.71018e+13 
5.47623e+12 -3.42036e+13 -1.53217e+13 0 
]
[
1.47425e+14 
-3.41456e+14 
-8.3214e+14 
3.58657e+26 
]
[ 1.51962e+12 -8.64422e+12 -3.56827e+12 -24.02 ]
>>>9474403757145.83203
[
74.4139 -1 1 -4.25773e+12 
1 -2 73.4139 1.12291e+13 
-1 73.4139 -2 2.5746e+13 
8.51547e+12 -5.1492e+13 -2.24582e+13 0 
]
[
3.31351e+14 
-7.68622e+14 
-1.87191e+15 
8.07078e+26 
]
[ 2.28719e+12 -1.29671e+13 -5.33887e+12 -36.0577 ]
>>>14208428976389.25000
[
110.472 -1 1 -6.54493e+12 
1 -2 109.472 1.6568e+13 
-1 109.472 -2 3.87131e+13 
1.30899e+13 -7.74261e+13 -3.31359e+13 0 
]
[
7.45174e+14 
-1.72975e+15 
-4.21139e+15 
1.81604e+27 
]
[ 3.43616e+12 -1.94509e+13 -7.9989e+12 -54.1066 ]
>>>21310230463211.31250
[
164.578 -1 1 -9.98108e+12 
1 -2 163.578 2.45669e+13 
-1 163.578 -2 5.81639e+13 
1.99622e+13 -1.16328e+14 -4.91337e+13 0 
]
[
1.67627e+15 
-3.8923e+15 
-9.4752e+15 
4.0862e+27 
]
[ 5.15789e+12 -2.91764e+13 -1.19919e+13 -81.1741 ]
>>>31963593309050.43750
[
245.752 -1 1 -1.5139e+13 
1 -2 244.752 3.65588e+13 
-1 244.752 -2 8.73403e+13 
3.02779e+13 -1.74681e+14 -7.31175e+13 0 
]
[
3.77122e+15 
-8.75802e+15 
-2.13188e+16 
9.19407e+27 
]
[ 7.7393e+12 -4.37646e+13 -1.79835e+13 -121.771 ]
>>>47944154027269.33594
[
367.523 -1 1 -2.28783e+13 
1 -2 366.523 5.45422e+13 
-1 366.523 -2 1.31105e+14 
4.57566e+13 -2.6221e+14 -1.09084e+14 0 
]
[
8.48486e+15 
-1.97059e+16 
-4.79668e+16 
2.06868e+28 
]
[ 1.16106e+13 -6.56469e+13 -2.69723e+13 -182.663 ]
>>>71915375866354.48438
[
550.186 -1 1 -3.44889e+13 
1 -2 549.186 8.15145e+13 
-1 549.186 -2 1.96752e+14 
6.89778e+13 -3.93504e+14 -1.63029e+14 0 
]
[
1.90906e+16 
-4.43387e+16 
-1.07925e+17 
4.65454e+28 
]
[ 1.7417e+13 -9.84703e+13 -4.04564e+13 -273.999 ]
>>>107872479471436.95312
[
824.186 -1 1 -5.19059e+13 
1 -2 823.186 1.21971e+14 
-1 823.186 -2 2.95222e+14 
1.03812e+14 -5.90444e+14 -2.43942e+14 0 
]
[
4.29534e+16 
-9.97623e+16 
-2.42831e+17 
1.04727e+29 
]
[ 2.61263e+13 -1.47705e+14 -6.06833e+13 -411.002 ]
>>>161808323238900.40625
[
1235.19 -1 1 -7.80322e+13 
1 -2 1234.19 1.82654e+14 
-1 1234.19 -2 4.42927e+14 
1.56064e+14 -8.85855e+14 -3.65308e+14 0 
]
[
9.66447e+16 
-2.24466e+17 
-5.46368e+17 
2.35636e+29 
]
[ 3.91899e+13 -2.21558e+14 -9.10241e+13 -616.505 ]
>>>242712217998333.12500
[
1851.69 -1 1 -1.17222e+14 
1 -2 1850.69 2.73678e+14 
-1 1850.69 -2 6.64486e+14 
2.34444e+14 -1.32897e+15 -5.47357e+14 0 
]
[
2.1745e+17 
-5.05048e+17 
-1.22933e+18 
5.30182e+29 
]
[ 5.87852e+13 -3.32337e+14 -1.36536e+14 -924.758 ]
>>>364068147801588.68750
[
2776.45 -1 1 -1.76007e+14 
1 -2 2775.45 4.10214e+14 
-1 2775.45 -2 9.96823e+14 
3.52015e+14 -1.99365e+15 -8.20428e+14 0 
]
[
4.89262e+17 
-1.13636e+18 
-2.76599e+18 
1.19291e+30 
]
[ 8.81781e+13 -4.98506e+14 -2.04803e+14 -1387.14 ]
>>>546102101662948.81250
[
4163.59 -1 1 -2.64185e+14 
1 -2 4162.59 6.15017e+14 
-1 4162.59 -2 1.49533e+15 
5.28371e+14 -2.99066e+15 -1.23003e+15 0 
]
[
1.10084e+18 
-2.55681e+18 
-6.22347e+18 
2.68405e+30 
]
[ 1.32267e+14 -7.47759e+14 -3.07204e+14 -2080.71 ]
>>>819153072211358.50000
[
6244.3 -1 1 -3.96453e+14 
1 -2 6243.3 9.22221e+14 
-1 6243.3 -2 2.24309e+15 
7.92905e+14 -4.48617e+15 -1.84444e+15 0 
]
[
2.47689e+18 
-5.75282e+18 
-1.40028e+19 
6.0391e+30 
]
[ 1.98401e+14 -1.12164e+15 -4.60806e+14 -3121.06 ]
>>>1228729554680235.25000
[
9365.36 -1 1 -5.94854e+14 
1 -2 9364.36 1.38303e+15 
-1 9364.36 -2 3.36472e+15 
1.18971e+15 -6.72945e+15 -2.76605e+15 0 
]
[
5.573e+18 
-1.29438e+19 
-3.15063e+19 
1.3588e+31 
]
[ 2.97602e+14 -1.68246e+15 -6.91209e+14 -4681.59 ]
>>>1843094296213419.50000
[
14047 -1 1 -8.92455e+14 
1 -2 14046 2.07424e+15 
-1 14046 -2 5.04718e+15 
1.78491e+15 -1.00944e+16 -4.14847e+15 0 
]
[
1.25393e+19 
-2.91236e+19 
-7.08892e+19 
3.0573e+31 
]
[ 4.46402e+14 -2.52368e+15 -1.03681e+15 -7022.39 ]
>>>2764641420426504.50000
[
21069.3 -1 1 -1.33886e+15 
1 -2 21068.3 3.11105e+15 
-1 21068.3 -2 7.57087e+15 
2.67772e+15 -1.51417e+16 -6.2221e+15 0 
]
[
2.82133e+19 
-6.55282e+19 
-1.59501e+20 
6.87892e+31 
]
[ 6.69604e+14 -3.78553e+15 -1.55522e+15 -10533.6 ]
>>>4146962114698146.00000
[
31602.9 -1 1 -2.00846e+15 
1 -2 31601.9 4.66627e+15 
-1 31601.9 -2 1.13564e+16 
4.01692e+15 -2.27128e+16 -9.33254e+15 0 
]
[
6.348e+19 
-1.47438e+20 
-3.58877e+20 
1.54776e+32 
]
[ 1.00441e+15 -5.67829e+15 -2.33283e+15 -15800.4 ]
>>>6220443161406530.00000
[
47403.3 -1 1 -3.01287e+15 
1 -2 47402.3 6.9991e+15 
-1 47402.3 -2 1.70347e+16 
6.02573e+15 -3.40694e+16 -1.39982e+16 0 
]
[
1.4283e+20 
-3.31736e+20 
-8.07473e+20 
3.48245e+32 
]
[ 1.50661e+15 -8.51744e+15 -3.49924e+15 -23700.6 ]
>>>9330664735052050.00000
[
71103.9 -1 1 -4.51947e+15 
1 -2 71102.9 1.04983e+16 
-1 71102.9 -2 2.55521e+16 
9.03895e+15 -5.11042e+16 -2.09967e+16 0 
]
[
3.21367e+20 
-7.46407e+20 
-1.81681e+21 
7.83552e+32 
]
[ 2.25991e+15 -1.27762e+16 -5.24887e+15 -35550.9 ]
>>>13995997097824680.00000
[
106655 -1 1 -6.77939e+15 
1 -2 106654 1.57472e+16 
-1 106654 -2 3.83283e+16 
1.35588e+16 -7.66566e+16 -3.14944e+16 0 
]
[
7.23076e+20 
-1.67942e+21 
-4.08783e+21 
1.76299e+33 
]
[ 3.38987e+15 -1.91642e+16 -7.8733e+15 -53326.3 ]
>>>20993995643534568.00000
[
159981 -1 1 -1.01693e+16 
1 -2 159980 2.36205e+16 
-1 159980 -2 5.74925e+16 
2.03385e+16 -1.14985e+17 -4.7241e+16 0 
]
[
1.62692e+21 
-3.77868e+21 
-9.19762e+21 
3.96673e+33 
]
[ 5.0848e+15 -2.87463e+16 -1.18099e+16 -79989.4 ]
>>>31490993463483092.00000
[
239970 -1 1 -1.52541e+16 
1 -2 239969 3.54305e+16 
-1 239969 -2 8.62389e+16 
3.05081e+16 -1.72478e+17 -7.08609e+16 0 
]
[
3.66057e+21 
-8.50204e+21 
-2.06946e+22 
8.92514e+33 
]
[ 7.6272e+15 -4.31195e+16 -1.77149e+16 -119984 ]
>>>47236490194066184.00000
[
359955 -1 1 -2.28813e+16 
1 -2 359954 5.31454e+16 
-1 359954 -2 1.29358e+17 
4.57625e+16 -2.58717e+17 -1.06291e+17 0 
]
[
8.23629e+21 
-1.91296e+22 
-4.65629e+22 
2.00816e+34 
]
[ 1.14408e+16 -6.46793e+16 -2.65724e+16 -179976 ]
>>>70854735290382176.00000
[
539931 -1 1 -3.43221e+16 
1 -2 539930 7.97178e+16 
-1 539930 -2 1.94038e+17 
6.86441e+16 -3.88075e+17 -1.59436e+17 0 
]
[
1.85317e+22 
-4.30416e+22 
-1.04767e+23 
4.51835e+34 
]
[ 1.71612e+16 -9.70189e+16 -3.98586e+16 -269964 ]
>>>106282102935163056.00000
[
809895 -1 1 -5.14833e+16 
1 -2 809894 1.19576e+17 
-1 809894 -2 2.91057e+17 
1.02967e+17 -5.82113e+17 -2.39153e+17 0 
]
[
4.16962e+22 
-9.68436e+22 
-2.35725e+23 
1.01663e+35 
]
[ 2.57418e+16 -1.45528e+17 -5.97879e+16 -404947 ]
>>>159423154397518624.00000
[
1.21484e+06 -1 1 -7.72251e+16 
1 -2 1.21484e+06 1.79364e+17 
-1 1.21484e+06 -2 4.36585e+17 
1.5445e+17 -8.7317e+17 -3.58728e+17 0 
]
[
9.38165e+22 
-2.17898e+23 
-5.30381e+23 
2.28742e+35 
]
[ 3.86127e+16 -2.18293e+17 -8.96818e+16 -607420 ]
>>>239134731605592736.00000
[
1.82226e+06 -1 1 -1.15838e+17 
1 -2 1.82226e+06 2.69046e+17 
-1 1.82226e+06 -2 6.54878e+17 
2.31676e+17 -1.30976e+18 -5.38092e+17 0 
]
[
2.11087e+23 
-4.9027e+23 
-1.19336e+24 
5.14669e+35 
]
[ 5.79191e+16 -3.27439e+17 -1.34523e+17 -911130 ]
>>>358702097407888960.00000
[
2.73339e+06 -1 1 -1.73757e+17 
1 -2 2.73339e+06 4.03569e+17 
-1 2.73339e+06 -2 9.82316e+17 
3.47514e+17 -1.96463e+18 -8.07137e+17 0 
]
[
4.74946e+23 
-1.10311e+24 
-2.68505e+24 
1.158e+36 
]
[ 8.68786e+16 -4.91158e+17 -2.01784e+17 -1.36669e+06 ]
>>>538053146094930880.00000
[
4.10009e+06 -1 1 -2.60635e+17 
1 -2 4.10008e+06 6.05353e+17 
-1 4.10008e+06 -2 1.47347e+18 
5.21271e+17 -2.94695e+18 -1.21071e+18 0 
]
[
1.06863e+24 
-2.48199e+24 
-6.04137e+24 
2.60551e+36 
]
[ 1.30318e+17 -7.36737e+17 -3.02676e+17 -2.05004e+06 ]
>>>807079719291563392.00000
[
6.15013e+06 -1 1 -3.90953e+17 
1 -2 6.15013e+06 9.08029e+17 
-1 6.15013e+06 -2 2.21021e+18 
7.81907e+17 -4.42042e+18 -1.81606e+18 0 
]
[
2.40441e+24 
-5.58449e+24 
-1.35931e+25 
5.8624e+36 
]
[ 1.95477e+17 -1.10511e+18 -4.54014e+17 -3.07506e+06 ]
>>>1210619578437844736.00000
[
9.22519e+06 -1 1 -5.8643e+17 
1 -2 9.22519e+06 1.36204e+18 
-1 9.22519e+06 -2 3.31532e+18 
1.17286e+18 -6.63064e+18 -2.72409e+18 0 
]
[
5.40993e+24 
-1.25651e+25 
-3.05844e+25 
1.31904e+37 
]
[ 2.93215e+17 -1.65766e+18 -6.81021e+17 -4.61259e+06 ]
>>>1815929367868062464.00000
[
1.38378e+07 -1 1 -8.79646e+17 
1 -2 1.38378e+07 2.04306e+18 
-1 1.38378e+07 -2 4.97298e+18 
1.75929e+18 -9.94596e+18 -4.08613e+18 0 
]
[
1.21724e+25 
-2.82715e+25 
-6.8815e+25 
2.96784e+37 
]
[ 4.39823e+17 -2.48649e+18 -1.02153e+18 -6.91889e+06 ]
>>>2723894051974203904.00000
[
2.07567e+07 -1 1 -1.31947e+18 
1 -2 2.07567e+07 3.0646e+18 
-1 2.07567e+07 -2 7.45947e+18 
2.63894e+18 -1.49189e+19 -6.12919e+18 0 
]
[
2.73878e+25 
-6.36108e+25 
-1.54834e+26 
6.67764e+37 
]
[ 6.59734e+17 -3.72973e+18 -1.5323e+18 -1.03783e+07 ]
>>>4085841081602651136.00000
[
3.1135e+07 -1 1 -1.9792e+18 
1 -2 3.1135e+07 4.59689e+18 
-1 3.1135e+07 -2 1.11892e+19 
3.95841e+18 -2.23784e+19 -9.19379e+18 0 
]
[
6.16225e+25 
-1.43124e+26 
-3.48376e+26 
1.50247e+38 
]
[ 9.89602e+17 -5.5946e+18 -2.29845e+18 -1.55675e+07 ]
>>>6128761621544457216.00000
[
4.67025e+07 -1 1 -2.9688e+18 
1 -2 4.67025e+07 6.89534e+18 
-1 4.67025e+07 -2 1.67838e+19 
5.93761e+18 -3.35676e+19 -1.37907e+19 0 
]
[
1.38651e+26 
-3.2203e+26 
-7.83846e+26 
3.38055e+38 
]
[ 1.4844e+18 -8.3919e+18 -3.44767e+18 -2.33513e+07 ]
>>>9193142418638350336.00000
[
7.00538e+07 -1 1 -4.45321e+18 
1 -2 7.00538e+07 1.0343e+19 
-1 7.00538e+07 -2 2.51757e+19 
8.90641e+18 -5.03514e+19 -2.0686e+19 0 
]
[
3.11964e+26 
-7.24567e+26 
-1.76365e+27 
7.60625e+38 
]
[ 2.2266e+18 -1.25879e+19 -5.1715e+18 -3.50269e+07 ]
>>>13789713662321616896.00000
[
1.05081e+08 -1 1 -6.67981e+18 
1 -2 1.05081e+08 1.55145e+19 
-1 1.05081e+08 -2 3.77636e+19 
1.33596e+19 -7.55271e+19 -3.1029e+19 0 
]
[
7.01919e+26 
-1.63028e+27 
-3.96822e+27 
1.71141e+39 
]
[ 3.33991e+18 -1.88818e+19 -7.75726e+18 -5.25403e+07 ]
>>>20684570403784908800.00000
[
1.57621e+08 -1 1 -1.00197e+19 
1 -2 1.57621e+08 2.32718e+19 
-1 1.57621e+08 -2 5.66453e+19 
2.00394e+19 -1.13291e+20 -4.65435e+19 0 
]
[
1.57932e+27 
-3.66812e+27 
-8.92849e+27 
3.85066e+39 
]
[ 5.00986e+18 -2.83227e+19 -1.16359e+19 -7.88105e+07 ]
>>>31026855773731803136.00000
[
2.36431e+08 -1 1 -1.50296e+19 
1 -2 2.36431e+08 3.49077e+19 
-1 2.36431e+08 -2 8.4968e+19 
3.00592e+19 -1.69936e+20 -6.98153e+19 0 
]
[
3.55347e+27 
-8.25327e+27 
-2.00891e+28 
8.66399e+39 
]
[ 7.51479e+18 -4.2484e+19 -1.74538e+19 -1.18216e+08 ]
>>>46540283878934487040.00000
[
3.54647e+08 -1 1 -2.25444e+19 
1 -2 3.54647e+08 5.23615e+19 
-1 3.54647e+08 -2 1.27452e+20 
4.50887e+19 -2.54904e+20 -1.04723e+20 0 
]
[
7.9953e+27 
-1.85699e+28 
-4.52005e+28 
1.9494e+40 
]
[ 1.12722e+19 -6.3726e+19 -2.61807e+19 -1.77324e+08 ]
>>>69810424488143085568.00000
[
5.31971e+08 -1 1 -3.38165e+19 
1 -2 5.31971e+08 7.85422e+19 
-1 5.31971e+08 -2 1.91178e+20 
6.76331e+19 -3.82356e+20 -1.57084e+20 0 
]
[
1.79894e+28 
-4.17822e+28 
-1.01701e+29 
4.38615e+40 
]
[ 1.69083e+19 -9.5589e+19 -3.92711e+19 -2.65985e+08 ]
>>>104715637455506358272.00000
[
7.97956e+08 -1 1 -5.07248e+19 
1 -2 7.97956e+08 1.17813e+20 
-1 7.97956e+08 -2 2.86767e+20 
1.0145e+20 -5.73534e+20 -2.35627e+20 0 
]
[
4.04762e+28 
-9.40099e+28 
-2.28828e+29 
9.86883e+40 
]
[ 2.53624e+19 -1.43383e+20 -5.89067e+19 -3.98978e+08 ]
>>>157073460191783845888.00000
[
1.19693e+09 -1 1 -7.60872e+19 
1 -2 1.19693e+09 1.7672e+20 
-1 1.19693e+09 -2 4.3015e+20 
1.52174e+20 -8.60301e+20 -3.5344e+20 0 
]
[
9.10714e+28 
-2.11522e+29 
-5.14862e+29 
2.22049e+41 
]
[ 3.80436e+19 -2.15075e+20 -8.836e+19 -5.98467e+08 ]
>>>235610167949190529024.00000
[
1.7954e+09 -1 1 -1.14131e+20 
1 -2 1.7954e+09 2.6508e+20 
-1 1.7954e+09 -2 6.45226e+20 
2.28262e+20 -1.29045e+21 -5.3016e+20 0 
]
[
2.04911e+29 
-4.75925e+29 
-1.15844e+30 
4.99609e+41 
]
[ 5.70654e+19 -3.22613e+20 -1.3254e+20 -8.97701e+08 ]
>>>353415251284994228224.00000
[
2.6931e+09 -1 1 -1.71196e+20 
1 -2 2.6931e+09 3.9762e+20 
-1 2.6931e+09 -2 9.67839e+20 
3.42393e+20 -1.93568e+21 -7.9524e+20 0 
]
[
4.61049e+29 
-1.07083e+30 
-2.60649e+30 
1.12412e+42 
]
[ 8.55981e+19 -4.83919e+20 -1.9881e+20 -1.34655e+09 ]
>>>530122941885376954368.00000
[
4.03965e+09 -1 1 -2.56794e+20 
1 -2 4.03965e+09 5.9643e+20 
-1 4.03965e+09 -2 1.45176e+21 
5.13589e+20 -2.90352e+21 -1.19286e+21 0 
]
[
1.03736e+30 
-2.40937e+30 
-5.8646e+30 
2.52927e+42 
]
[ 1.28397e+20 -7.25879e+20 -2.98215e+20 -2.01983e+09 ]
>>>795184414210389311488.00000
[
6.05948e+09 -1 1 -3.85192e+20 
1 -2 6.05948e+09 8.94645e+20 
-1 6.05948e+09 -2 2.17764e+21 
7.70383e+20 -4.35527e+21 -1.78929e+21 0 
]
[
2.33406e+30 
-5.42108e+30 
-1.31953e+31 
5.69086e+42 
]
[ 1.92596e+20 -1.08882e+21 -4.47322e+20 -3.02974e+09 ]
>>>1192776266667059314688.00000
[
9.08922e+09 -1 1 -5.77787e+20 
1 -2 9.08922e+09 1.34197e+21 
-1 9.08922e+09 -2 3.26645e+21 
1.15557e+21 -6.53291e+21 -2.68393e+21 0 
]
[
5.25164e+30 
-1.21974e+31 
-2.96895e+31 
1.28044e+43 
]
[ 2.88894e+20 -1.63323e+21 -6.70983e+20 -4.54461e+09 ]
>>>1789164281929232023552.00000
[
1.36338e+10 -1 1 -8.66681e+20 
1 -2 1.36338e+10 2.01295e+21 
-1 1.36338e+10 -2 4.89968e+21 
1.73336e+21 -9.79936e+21 -4.0259e+21 0 
]
[
1.18162e+31 
-2.74442e+31 
-6.68015e+31 
2.881e+43 
]
[ 4.33341e+20 -2.44984e+21 -1.00648e+21 -6.81691e+09 ]
>>>2683747290317540294656.00000
[
2.04507e+10 -1 1 -1.30002e+21 
1 -2 2.04507e+10 3.01943e+21 
-1 2.04507e+10 -2 7.34952e+21 
2.60004e+21 -1.4699e+22 -6.03885e+21 0 
]
[
2.65864e+31 
-6.17495e+31 
-1.50303e+32 
6.48225e+43 
]
[ 6.50011e+20 -3.67476e+21 -1.50971e+21 -1.02254e+10 ]
>>>4025620825338245283840.00000
[
3.06761e+10 -1 1 -1.95003e+21 
1 -2 3.06761e+10 4.52914e+21 
-1 3.06761e+10 -2 1.10243e+22 
3.90007e+21 -2.20486e+22 -9.05828e+21 0 
]
[
5.98194e+31 
-1.38936e+32 
-3.38182e+32 
1.45851e+44 
]
[ 9.75016e+20 -5.51214e+21 -2.26457e+21 -1.53381e+10 ]
>>>6038428532290238808064.00000
[
4.60142e+10 -1 1 -2.92505e+21 
1 -2 4.60142e+10 6.79371e+21 
-1 4.60142e+10 -2 1.65364e+22 
5.8501e+21 -3.30728e+22 -1.35874e+22 0 
]
[
1.34594e+32 
-3.12607e+32 
-7.6091e+32 
3.28164e+44 
]
[ 1.46252e+21 -8.2682e+21 -3.39685e+21 -2.30071e+10 ]
>>>9057634213205414772736.00000
[
6.90213e+10 -1 1 -4.38757e+21 
1 -2 6.90213e+10 1.01906e+22 
-1 6.90213e+10 -2 2.48046e+22 
8.77514e+21 -4.96093e+22 -2.03811e+22 0 
]
[
3.02836e+32 
-7.03366e+32 
-1.71205e+33 
7.38368e+44 
]
[ 2.19379e+21 -1.24023e+22 -5.09529e+21 -3.45106e+10 ]
>>>13586455518517772943360.00000
[
1.03532e+11 -1 1 -6.58136e+21 
1 -2 1.03532e+11 1.52858e+22 
-1 1.03532e+11 -2 3.72069e+22 
1.31627e+22 -7.44139e+22 -3.05717e+22 0 
]
[
6.81381e+32 
-1.58257e+33 
-3.8521e+33 
1.66133e+45 
]
[ 3.29068e+21 -1.86035e+22 -7.64293e+21 -5.17659e+10 ]
>>>20379696324935352844288.00000
[
1.55298e+11 -1 1 -9.87204e+21 
1 -2 1.55298e+11 2.29288e+22 
-1 1.55298e+11 -2 5.58104e+22 
1.97441e+22 -1.11621e+23 -4.58576e+22 0 
]
[
1.53311e+33 
-3.56079e+33 
-8.66723e+33 
3.73799e+45 
]
[ 4.93601e+21 -2.79055e+22 -1.14644e+22 -7.76491e+10 ]
>>>30569761644225539080192.00000
[
2.32947e+11 -1 1 -1.48081e+22 
1 -2 2.32947e+11 3.43931e+22 
-1 2.32947e+11 -2 8.37159e+22 
2.96161e+22 -1.67432e+23 -6.87863e+22 0 
]
[
3.44949e+33 
-8.01178e+33 
-1.95013e+34 
8.41051e+45 
]
[ 7.40403e+21 -4.18585e+22 -1.71966e+22 -1.16473e+11 ]
>>>45854990477317636096000.00000
[
3.4942e+11 -1 1 -2.22121e+22 
1 -2 3.4942e+11 5.15897e+22 
-1 3.4942e+11 -2 1.25574e+23 
4.44242e+22 -2.51149e+23 -1.03179e+23 0 
]
[
7.76135e+33 
-1.80265e+34 
-4.38782e+34 
1.89238e+46 
]
[ 1.11058e+22 -6.2787e+22 -2.57943e+22 -1.74714e+11 ]
>>>68781427537842125406208.00000
[
5.24134e+11 -1 1 -3.33179e+22 
1 -2 5.24134e+11 7.7384e+22 
-1 5.24134e+11 -2 1.88361e+23 
6.66358e+22 -3.76723e+23 -1.54768e+23 0 
]
[
1.7463e+34 
-4.05596e+34 
-9.87266e+34 
4.25784e+46 
]
[ 1.66593e+22 -9.41822e+22 -3.86929e+22 -2.62061e+11 ]
>>>103174359950256888610816.00000
[
7.86196e+11 -1 1 -4.99772e+22 
1 -2 7.86196e+11 1.16077e+23 
-1 7.86196e+11 -2 2.82544e+23 
9.99544e+22 -5.65087e+23 -2.32154e+23 0 
]
[
3.92918e+34 
-9.12591e+34 
-2.22134e+35 
9.58024e+46 
]
[ 2.49903e+22 -1.41279e+23 -5.80423e+22 -3.93072e+11 ]
>>>154768142197285760008192.00000
[
1.17927e+12 -1 1 -7.49674e+22 
1 -2 1.17927e+12 1.74119e+23 
-1 1.17927e+12 -2 4.23823e+23 
1.49935e+23 -8.47645e+23 -3.48238e+23 0 
]
[
8.84067e+34 
-2.05333e+35 
-4.998e+35 
2.15563e+47 
]
[ 3.74799e+22 -2.11898e+23 -8.70507e+22 -5.89694e+11 ]
>>>232127590458019287138304.00000
[
1.76896e+12 -1 1 -1.12447e+23 
1 -2 1.76896e+12 2.6117e+23 
-1 1.76896e+12 -2 6.3572e+23 
2.24895e+23 -1.27144e+24 -5.2234e+23 0 
]
[
1.98915e+35 
-4.61999e+35 
-1.12456e+36 
4.84994e+47 
]
[ 5.62252e+22 -3.17837e+23 -1.30588e+23 -8.84457e+11 ]
>>>348188478198385653841920.00000
[
2.65342e+12 -1 1 -1.68672e+23 
1 -2 2.65342e+12 3.91758e+23 
-1 2.65342e+12 -2 9.53558e+23 
3.37345e+23 -1.90712e+24 -7.83517e+23 0 
]
[
4.47559e+35 
-1.0395e+36 
-2.53019e+36 
1.0912e+48 
]
[ 8.43146e+22 -4.76664e+23 -1.95829e+23 -1.32705e+12 ]
>>>522174652233194078732288.00000
[
3.98047e+12 -1 1 -2.52987e+23 
1 -2 3.98047e+12 5.87587e+23 
-1 3.98047e+12 -2 1.43022e+24 
5.05974e+23 -2.86044e+24 -1.17517e+24 0 
]
[
1.00701e+36 
-2.33887e+36 
-5.69295e+36 
2.45479e+48 
]
[ 1.26554e+23 -7.15291e+23 -2.93935e+23 -1.98928e+12 ]
>>>783616595242773070741504.00000
[
5.96974e+12 -1 1 -3.79542e+23 
1 -2 5.96974e+12 8.81522e+23 
-1 5.96974e+12 -2 2.14551e+24 
7.59083e+23 -4.29102e+24 -1.76304e+24 0 
]
[
2.26577e+36 
-5.26246e+36 
-1.28082e+37 
5.52436e+48 
]
[ 1.89682e+23 -1.07272e+24 -4.40556e+23 -2.98626e+12 ]
>>>1175068729059193772834816.00000
[
8.956e+12 -1 1 -5.69224e+23 
1 -2 8.956e+12 1.32208e+24 
-1 8.956e+12 -2 3.21823e+24 
1.13845e+24 -6.43646e+24 -2.64416e+24 0 
]
[
5.09797e+36 
-1.18405e+37 
-2.88225e+37 
1.24289e+49 
]
[ 2.84595e+23 -1.60915e+24 -6.60999e+23 -4.47827e+12 ]
>>>1762743902826260978466816.00000
[
1.34343e+13 -1 1 -8.53819e+23 
1 -2 1.34343e+13 1.98308e+24 
-1 1.34343e+13 -2 4.82737e+24 
1.70764e+24 -9.65475e+24 -3.96615e+24 0 
]
[
1.14704e+37 
-2.66412e+37 
-6.48523e+37 
2.79651e+49 
]
[ 4.27088e+23 -2.41549e+24 -9.91954e+23 -6.71432e+12 ]
>>>2645934907692498829705216.00000
[
2.01486e+13 -1 1 -1.28091e+24 
1 -2 2.01486e+13 2.97503e+24 
-1 2.01486e+13 -2 7.24286e+24 
2.56181e+24 -1.44857e+25 -5.95006e+24 0 
]
[
2.58085e+37 
-5.99427e+37 
-1.45934e+38 
6.29506e+49 
]
[ 6.39704e+23 -3.61969e+24 -1.48577e+24 -1.00861e+13 ]
>>>3964710908566372423303168.00000
[
3.02347e+13 -1 1 -1.92061e+24 
1 -2 3.02347e+13 4.46081e+24 
-1 3.02347e+13 -2 1.08626e+25 
3.84122e+24 -2.17251e+25 -8.92161e+24 0 
]
[
5.80691e+37 
-1.34871e+38 
-3.28426e+38 
1.41583e+50 
]
[ 9.60614e+23 -5.42128e+24 -2.23112e+24 -1.51125e+13 ]
>>>5940615773580871692451840.00000
[
4.53472e+13 -1 1 -2.88123e+24 
1 -2 4.53472e+13 6.69193e+24 
-1 4.53472e+13 -2 1.62838e+25 
5.76245e+24 -3.25677e+25 -1.33839e+25 0 
]
[
1.30655e+38 
-3.0346e+38 
-7.38426e+38 
3.18247e+50 
]
[ 1.44152e+24 -8.1508e+24 -3.34806e+24 -2.26594e+13 ]
>>>8928779899477550730051584.00000
[
6.80065e+13 -1 1 -4.32274e+24 
1 -2 6.80065e+13 1.004e+25 
-1 6.80065e+13 -2 2.44346e+25 
8.64548e+24 -4.88693e+25 -2.008e+25 0 
]
[
2.93975e+38 
-6.82785e+38 
-1.66172e+39 
7.16539e+50 
]
[ 2.15246e+24 -1.22026e+25 -4.9993e+24 -3.41434e+13 ]
>>>13361491867161013128265728.00000
[
1.0215e+14 -1 1 -6.47521e+24 
1 -2 1.0215e+14 1.50393e+25 
-1 1.0215e+14 -2 3.66372e+25 
1.29504e+25 -7.32745e+25 -3.00786e+25 0 
]
[
6.61442e+38 
-1.53626e+39 
-3.74249e+39 
1.6104e+51 
]
[ 3.25886e+24 -1.84361e+25 -7.56903e+24 -5.07396e+13 ]
>>>20194079581151647114461184.00000
[
1.5289e+14 -1 1 -9.73407e+24 
1 -2 1.5289e+14 2.26083e+25 
-1 1.5289e+14 -2 5.50734e+25 
1.94681e+25 -1.10147e+26 -4.52166e+25 0 
]
[
1.48824e+39 
-3.45658e+39 
-8.42014e+39 
3.63896e+51 
]
[ 4.89232e+24 -2.76542e+25 -1.13629e+25 -7.60476e+13 ]
>>>30295272494177071944171520.00000
[
2.28937e+14 -1 1 -1.46264e+25 
1 -2 2.28937e+14 3.39712e+25 
-1 2.28937e+14 -2 8.27275e+25 
2.92528e+25 -1.65455e+26 -6.79424e+25 0 
]
[
3.34852e+39 
-7.77727e+39 
-1.89394e+40 
8.21182e+51 
]
[ 7.38326e+24 -4.17079e+25 -1.71483e+25 -1.13372e+14 ]
>>>45696065838556346673266688.00000
[
3.42309e+14 -1 1 -2.20096e+25 
1 -2 3.42309e+14 5.11195e+25 
-1 3.42309e+14 -2 1.24435e+26 
4.40193e+25 -2.48871e+26 -1.02239e+26 0 
]
[
7.5341e+39 
-1.74987e+40 
-4.25954e+40 
1.85818e+52 
]
[ 1.12848e+25 -6.40731e+25 -2.62101e+25 -1.668e+14 ]
>>>70140377831712311063085056.00000
[
5.09109e+14 -1 1 -3.32945e+25 
1 -2 5.09109e+14 7.73296e+25 
-1 5.09109e+14 -2 1.88509e+26 
6.65889e+25 -3.77017e+26 -1.54659e+26 0 
]
[
1.69505e+40 
-3.93692e+40 
-9.59714e+40 
4.26239e+52 
]
[ 1.63476e+25 -9.30873e+25 -3.7969e+25 -2.59136e+14 ]
>>>101853473846934395370340352.00000
[
7.68245e+14 -1 1 -4.96421e+25 
1 -2 7.68245e+14 1.15299e+26 
-1 7.68245e+14 -2 2.81596e+26 
9.92842e+25 -5.63192e+26 -2.30597e+26 0 
]
[
3.81373e+40 
-8.85775e+40 
-2.16335e+41 
9.50543e+52 
]
[ 2.37744e+25 -1.354e+26 -5.52183e+25 -4.0032e+14 ]
>>>148146425169182786437775360.00000
[
1.16856e+15 -1 1 -7.34165e+25 
1 -2 1.16856e+15 1.70517e+26 
-1 1.16856e+15 -2 4.16996e+26 
1.46833e+26 -8.33991e+26 -3.41034e+26 0 
]
[
8.57919e+40 
-1.9926e+41 
-4.87286e+41 
2.08351e+53 
]
[ 3.9059e+25 -2.031e+26 -9.07183e+25 -5.46866e+14 ]
>>>225842501681064683717525504.00000
[
1.71543e+15 -1 1 -1.12475e+26 
1 -2 1.71543e+15 2.61235e+26 
-1 1.71543e+15 -2 6.20095e+26 
2.24951e+26 -1.24019e+27 -5.2247e+26 0 
]
[
1.92944e+41 
-4.48131e+41 
-1.06373e+42 
4.65412e+53 
]
[ 5.93238e+25 -3.28828e+26 -1.37785e+26 -8.10648e+14 ]
>>>361430252007810944559218688.00000
[
2.52608e+15 -1 1 -1.71799e+26 
1 -2 2.52608e+15 3.9902e+26 
-1 2.52608e+15 -2 9.48923e+26 
3.43599e+26 -1.89785e+27 -7.98041e+26 0 
]
[
4.33978e+41 
-1.00796e+42 
-2.39705e+42 
1.08919e+54 
]
[ 6.45974e+25 -3.86856e+26 -1.50034e+26 -1.57626e+15 ]
>>>419929418175920611834986496.00000
[
4.10234e+15 -1 1 -2.36397e+26 
1 -2 4.10234e+15 5.49054e+26 
-1 4.10234e+15 -2 1.33578e+27 
4.72793e+26 -2.67156e+27 -1.09811e+27 0 
]
[
9.69779e+41 
-2.25241e+42 
-5.47982e+42 
2.14165e+54 
]
[ 1.16619e+26 -5.41599e+26 -2.70858e+26 -2.07858e+15 ]
>>>616679072864134552392564736.00000
[
6.18092e+15 -1 1 -3.53015e+26 
1 -2 6.18092e+15 8.19912e+26 
-1 6.18092e+15 -2 1.87738e+27 
7.0603e+26 -3.75476e+27 -1.63982e+27 0 
]
[
2.18196e+42 
-5.06781e+42 
-1.16039e+43 
4.32142e+54 
]
[ 1.60102e+26 -7.73713e+26 -3.71853e+26 -3.3777e+15 ]
>>>873234608620838531605987328.00000
[
9.55862e+15 -1 1 -5.13118e+26 
1 -2 9.55862e+15 1.19177e+27 
-1 9.55862e+15 -2 2.65109e+27 
1.02624e+27 -5.30218e+27 -2.38353e+27 0 
]
[
4.9047e+42 
-1.13916e+43 
-2.53408e+43 
8.71187e+54 
]
[ 5.13118e+26 -2.47588e+27 -1.19177e+27 0 ]
>>>2795277508328331185081024512.00000
[
9.55862e+15 -1 1 -1.02624e+27 
1 -2 9.55862e+15 2.38353e+27 
-1 9.55862e+15 -2 5.12697e+27 
2.05247e+27 -1.02539e+28 -4.76706e+27 0 
]
[
9.80939e+42 
-2.27833e+43 
-4.90068e+43 
3.30202e+55 
]
[ 1.02624e+27 -2.47588e+27 -2.38353e+27 0 ]
>>>3586691916498307929159499776.00000
[
9.55862e+15 -1 1 -2.05247e+27 
1 -2 9.55862e+15 4.76706e+27 
-1 9.55862e+15 -2 7.60285e+27 
4.10494e+27 -1.52057e+28 -9.53412e+27 0 
]
[
1.96188e+43 
-4.55665e+43 
-7.26728e+43 
8.47408e+55 
]
[ 2.05247e+27 -4.95176e+27 -4.76706e+27 0 ]
>>>7173383832996615858318999552.00000
[
9.55862e+15 -1 1 -4.10494e+27 
1 -2 9.55862e+15 9.53412e+27 
-1 9.55862e+15 -2 1.25546e+28 
8.20988e+27 -2.51092e+28 -1.90682e+28 0 
]
[
3.92376e+43 
-9.11331e+43 
-1.20005e+44 
2.65368e+56 
]
[ 2.81556e+27 -2.47588e+27 -6.53942e+27 -3.0024e+15 ]
>>>7537994944278595472879255552.00000
[
1.2561e+16 -1 1 -6.9205e+27 
1 -2 1.2561e+16 1.60735e+28 
-1 1.2561e+16 -2 1.50305e+28 
1.3841e+28 -3.0061e+28 -3.21471e+28 0 
]
[
8.69286e+43 
-2.019e+44 
-1.88798e+44 
5.32168e+56 
]
[ 1.95798e+27 -9.90352e+27 -4.5476e+27 -9.0072e+15 ]
>>>11072221022322765259750768640.00000
[
2.15682e+16 -1 1 -8.87848e+27 
1 -2 2.15682e+16 2.06211e+28 
-1 2.15682e+16 -2 2.4934e+28 
1.7757e+28 -4.9868e+28 -4.12423e+28 0 
]
[
1.91493e+44 
-4.44761e+44 
-5.37782e+44 
1.12576e+57 
]
[ 1.46292e+27 -0 -3.39777e+27 -1.80144e+16 ]
>>>3699321786764233967621111808.00000
[
3.95826e+16 -1 1 -1.03414e+28 
1 -2 3.95826e+16 2.40189e+28 
-1 3.95826e+16 -2 2.4934e+28 
2.06828e+28 -4.9868e+28 -4.80378e+28 0 
]
[
4.0934e+44 
-9.50732e+44 
-9.86953e+44 
1.30556e+57 
]
[ 0 0 0 0 ]
[ 1.03414e+28 -2.4934e+28 -2.40189e+28 -3.95826e+16 ]